4467
7975
20024
14836
62504
39382
270
8472
46871
51906
3185
27075
56319
29932
37522
41917
6514
6469
26744
41661
19282
721
33333
5715
25337
39755
32253
20177
63915
25195
28212
12124
18947
44765
34013
38060
39177
42880
34548
10136
2804
18819
25600
34940
41892
32117
6331
32517
48271
7581
14836
51072
37560
54278
29305
48463
5252
4739
41697
28717
47604
21131
40934
14734
46937
49930
10887
7915
7267
36518
18513
53106
39988
47732
43105
54699
37098
2905
1740
19009
57926
29677
15163
31444
30136
54765
48031
14409
45765
46354
14510
59989
825
11813
43565
52135
28594
47156
44135
27080
2162
1957
45499
26503
31984
48953
62002
44804
31708
23177
37553
31545
26197
5222
36118
36487
54543
10641
64854
22217
699
12913
40212
54665
38114
56423
6687
46830
31047
51602
15427
51639
47833
3293
22276
57469
47968
39817
39787
18132
10231
11815
34948
17850
6927
46277
60744
30914
6218
34153
55360
55853
8903
23845
3878
48831
60888
49975
36437
27618
47304
14081
25725
23242
32954
11712
32230
37671
58778
26468
35500
11900
2439
46033
49274
3134
19037
20159
24852
60624
33894
28904
30491
39057
28899
19829
24869
54950
7264
8963
31577
55132
42196
19440
26908
19956
51150
53989
17837
57311
62026
16963
60293
18936
49149
30714
53707
51592
15282
51069
60615
64735
59233
45327
62697
47274
5596
50457
22339
51624
33520
50069
27917
30899
15987
51031
62934
65356
58498
62237
60384
9967
3692
1869
54210
44129
50510
60216
33438
62281
16140
14338
55365
17598
6365
26113
8224
34477
46475
21488
13173
49386
4624
29157
17686
12509
52882
9383
39198
21837
60690
47487
44521
39407
53256
644
21937
56682
53834
63639
29935
21957
48357
22184
142
40356
53172
22929
6861
25135
50194
48559
60983
3153
30512
52967
63044
19088
59516
17853
35879
59673
10654
40065
51141
26152
19943
9978
32623
2023
30710
11500
36990
26732
52022
33164
46671
56047
19606
65241
22466
17669
21
8338
40026
62849
49280
61284
15615
15203
12626
64978
18421
30650
39242
26117
4007
47095
40020
17926
50996
37199
28135
61220
43447
39814
51050
59905
43365
4072
22943
41672
29888
25387
37361
23827
33229
15328
62928
19653
54449
40436
27786
64878
26467
7272
3155
44139
44711
5933
11984
51055
25751
39482
5532
18842
58777
7886
30043
24832
24938
56961
7924
19894
29089
25506
20474
16022
20836
47516
9829
34537
43564
58631
19810
40797
22062
54211
21291
15527
30314
40051
40654
25251
5853
59366
45782
50278
23206
41241
9038
17569
49985
20254
19548
54773
50302
45650
42932
58656
6567
45476
27603
30454
35609
18343
36193
5787
19710
51231
661
62800
21450
32683
22384
22760
55362
46777
55541
53424
28359
35061
21225
3717
9115
45392
6106
41830
51934
27375
44041
61444
24216
18099
25052
4906
53854
26189
51149
32075
6771
59070
19644
37553
24198
32593
42556
45199
65090
62913
36178
17667
29242
9801
26415
844
26246
1435
37192
41988
6112
23768
51338
59803
57471
39758
37700
41905
37260
10491
39460
17574
14634
15892
28493
60382
1509
41185
45272
61730
18146
27450
40595
27291
63356
23806
55162
33541
44020
28726
51951
61823
8033
43003
39331
29680
36787
6853
23471
51312
46915
22117
35226
34289
45774
42252
13972
8388
55909
51763
53191
57499
21247
16907
45327
7103
26671
18584
26486
31396
2376
13519
22306
42950
48681
29365
27098
46710
11620
27448
48760
53214
45731
25612
11664
46184
20506
11080
5522
14652
29794
46049
52765
49555
3472
32844
32798
29450
22280
22753
58391
30320
53211
47947
39640
27808
7955
14518
54274
36026
6504
34966
45710
57042
5041
65383
7952
12345
38378
53857
21275
46363
63427
46250
36415
37492
32759
59076
54394
35778
3768
26500
58777
54645
57483
7562
30024
10295
32057
13026
2686
62992
52479
34977
25421
26965
43204
53248
11587
14958
3903
4141
52206
36168
46239
58832
37785
52654
37705
47473
44951
54058
56789
18099
5749
40440
35907
48678
48254
28335
17183
22579
17267
17998
33443
34801
58965
31864
39149
62104
22256
51682
25678
39421
51661
9674
25839
8316
61786
10980
16023
61698
11259
27345
40901
18629
32605
29418
33154
26681
3834
6840
1752
30618
51718
38771
35535
16369
58985
22815
64354
44359
2292
49462
48776
63713
28572
45274
34605
21539
7723
57635
41526
21858
37531
7145
681
16607
22583
10838
18156
30747
31305
39196
58166
60134
13464
64612
52679
50663
49989
57307
27622
56484
8636
1471
63907
26349
14964
33530
22027
46561
11504
59921
36880
306
9522
23444
2627
31885
56851
34006
49870
36136
30363
25941
44527
25244
16377
62614
64105
62194
42621
19893
7223
39389
14780
63352
8614
30067
6087
55297
56593
18659
60025
50719
229
52816
7582
57400
20453
13933
44588
34309
20393
17533
46948
14109
35530
19174
53161
41155
57838
62735
3406
51716
57972
39395
45295
51702
48625
64590
36974
35120
43598
16322
24642
16828
63132
11095
25144
18385
32600
457
9689
60911
56768
31937
20718
24833
23498
18792
37648
14492
32955
35096
18306
17727
50315
50565
333
15963
26951
53790
35020
13379
40192
46826
15403
48008
19338
55840
28462
20292
37062
44862
18321
21382
41371
41694
45818
57331
36435
21548
53173
16762
13352
24008
27460
10444
32926
35479
54853
15939
14045
52620
5607
21382
20800
18426
40243
27524
61116
5961
62686
6831
16293
10846
42204
24591
53145
34765
63574
39897
50521
57728
53371
1555
40266
8123
15868
22487
37490
26128
26936
55228
25690
36748
59260
50913
43175
63014
50481
11076
3394
43695
43825
3772
16035
53326
52562
43932
58482
16206
2936
22820
57480
45269
31197
53032
45246
44660
37416
285
13780
10030
41716
6709
55533
38559
50975
19953
61438
62361
12175
16162
43128
24824
55794
47861
43145
49006
49811
47733
64199
34738
8217
56159
57455
44200
33568
23865
29554
64090
39478
49605
58889
27543
33325
21614
61772
6933
44116
29459
8675
49110
36097
41074
6481
28175
5674
21777
11823
40948
61765
39825
44459
15001
461
47298
10152
25950
54424
9014
58479
3005
45153
39215
55857
54396
18163
13167
6342
13391
58791
26493
50807
7965
9283
18607
159
14506
46200
17740
33116
26004
12038
43011
2091
18101
47006
24257
39172
42280
35545
49715
37797
45785
4999
11716
65209
29884
58165
17014
44873
50944
54982
20553
61446
27339
